1.038
1.024
0.948
0.936
0.967
0.971
0.983
0.977
0.979
0.986
1
1.003
1.021
1.023
0.986
0.979
0.986
0.991
1.002
0.999
0.984
0.985
0.976
0.99
1.005
1.029
1.087
1.087
1.097
1.072
1.064
1.069
1.089
1.083
1.112
1.103
1.141
1.157
1.171
1.178
1.147
1.098
1.009
0.943
0.902
0.873
0.908
0.868
0.784
0.726
0.691
0.68
0.708
0.702
0.686
0.652
0.697
0.687
0.749
0.777
0.838
0.885
0.864
0.893
0.959
1.073
1.166
1.295
1.436
1.556
1.562
1.584
1.482
1.477
1.346
1.279
1.182
1.047
0.975
1.004
0.963
0.886
0.861
0.779
0.704
0.6
0.557
0.639
0.65
0.619
0.617
0.64
0.645
0.708
0.729
0.671
0.587
0.635
0.733
0.81
0.783
0.869
0.983
1.13
1.259
1.311
1.364
1.434
1.458
1.483
1.466
1.436
1.353
1.306
1.261
1.174
1.14
1.116
1.105
1.076
1.083
1.037
0.967
0.914
0.863
0.837
0.824
0.83
0.768
0.621
0.536
0.51
0.464
0.41
0.433
0.522
0.574
0.602
0.66
0.723
0.719
0.823
1.024
1.235
1.335
1.431
1.51
1.45
1.467
1.467
1.405
1.37
1.37
1.312
1.259
1.284
1.295
1.165
1.046
0.968
0.95
0.979
0.979
0.966
0.903
0.817
0.859
0.827
0.67
0.534
0.489
0.469
0.468
0.467
0.545
0.588
0.65
0.73
0.845
1.001
1.024
1.147
1.321
1.424
1.46
1.467
1.395
1.342
1.336
1.437
1.328
1.252
1.132
1.076
0.944
1.094
1.092
0.991
0.97
0.975
0.866
0.839
1.069
1.043
1
1.092
1.104
0.991
0.935
0.77
0.58
0.702
0.69
0.54
0.651
0.651
0.653
0.683
0.743
0.771
0.858
0.876
0.873
1.04
1.195
1.279
1.4
1.485
1.365
1.365
1.52
1.319
1.198
1.293
1.151
1.086
1.027
0.955
0.957
0.957
0.983
0.942
0.849
0.829
0.81
0.744
0.678
0.707
0.746
0.677
0.658
0.736
0.811
0.828
0.888
0.96
1.02
1.105
1.027
1.134
1.126
1.114
1.093
1.076
1.106
0.981
1.063
1.063
1.184
1.088
1.08
0.992
0.978
1.107
0.997
1.022
1.007
1.12
1.15
1.101
1.09
1.107
